object={
	name="rock_red_generator_1_0"
	clamp_to_water_level=no
	render_under_water=no
	generated_content=yes
	layer="rock_layer"
	pdxmesh="rock_Lshape_red_mesh"
	count=23
	transform="2769.211670 0.000000 1996.320190 0.000000 0.947449 0.000000 -0.319908 0.544956 0.544956 0.544956
2765.328613 0.000000 2053.446289 0.000000 0.984630 0.000000 -0.174651 1.008262 1.008262 1.008262
2815.575195 0.000000 2087.172363 0.000000 0.647178 0.000000 -0.762339 1.003246 1.003246 1.003246
2732.144043 0.000000 2135.830811 0.000000 0.856707 0.000000 -0.515803 1.027668 1.027668 1.027668
2759.033936 0.000000 2149.059082 0.000000 0.052659 0.000000 -0.998613 0.714895 0.714895 0.714895
2760.851562 0.000000 2150.130615 0.000000 0.177456 0.000000 0.984129 0.350448 0.350448 0.350448
2642.474609 0.000000 2182.334961 0.000000 0.828811 0.000000 0.559529 0.412332 0.412332 0.412332
2636.806396 0.000000 2230.653564 0.000000 0.699519 0.000000 0.714614 0.385723 0.385723 0.385723
2636.725098 0.000000 2229.554932 0.000000 0.266620 0.000000 -0.963802 1.261593 1.261593 1.261593
2648.232178 0.000000 2212.779785 0.000000 0.999990 0.000000 -0.004573 0.756001 0.756001 0.756001
2679.491699 0.000000 2235.229248 0.000000 0.987062 0.000000 0.160338 0.515930 0.515930 0.515930
2582.161133 0.000000 2268.563965 0.000000 0.633556 0.000000 -0.773697 0.703091 0.703091 0.703091
2583.541748 0.000000 2270.553711 0.000000 0.572763 0.000000 0.819721 0.388235 0.388235 0.388235
2653.271973 0.000000 2299.225830 0.000000 0.005728 0.000000 0.999984 0.282756 0.282756 0.282756
2654.119141 0.000000 2298.176270 0.000000 0.988756 0.000000 0.149535 0.804721 0.804721 0.804721
2654.377197 0.000000 2299.209717 0.000000 0.069353 0.000000 0.997592 0.441220 0.441220 0.441220
2745.277832 0.000000 2210.333984 0.000000 0.998761 0.000000 0.049767 0.800830 0.800830 0.800830
2786.441162 0.000000 2204.746826 0.000000 0.306061 0.000000 -0.952012 0.661654 0.661654 0.661654
2744.305908 0.000000 2265.231445 0.000000 0.994367 0.000000 0.105991 0.858212 0.858212 0.858212
2706.668945 0.000000 2277.013672 0.000000 0.999843 0.000000 -0.017744 0.743391 0.743391 0.743391
2866.644531 0.000000 2140.196777 0.000000 0.797333 0.000000 0.603539 0.411356 0.411356 0.411356
2850.286865 0.000000 2164.313721 0.000000 0.998423 0.000000 -0.056145 0.507910 0.507910 0.507910
2883.731934 0.000000 2128.576172 0.000000 0.999887 0.000000 -0.015045 0.502126 0.502126 0.502126
"}
object={
	name="rock_red_generator_1_1"
	clamp_to_water_level=no
	render_under_water=no
	generated_content=yes
	layer="rock_layer"
	pdxmesh="rock_jagged_red_mesh"
	count=11
	transform="2677.946533 0.000000 2110.874756 0.000000 0.523914 0.000000 0.851771 0.353161 0.353161 0.353161
2584.505127 0.000000 2168.306885 0.000000 0.945421 0.000000 -0.325851 1.025437 1.025437 1.025437
2723.062256 0.000000 2081.835938 0.000000 0.450577 0.000000 -0.892738 0.655638 0.655638 0.655638
2814.551025 0.000000 2087.725098 0.000000 0.567646 0.000000 0.823273 0.544217 0.544217 0.544217
2733.153076 0.000000 2132.387207 0.000000 0.554681 0.000000 -0.832063 0.646237 0.646237 0.646237
2669.160889 0.000000 2292.348145 0.000000 0.236625 0.000000 0.971601 0.410006 0.410006 0.410006
2669.764404 0.000000 2293.445801 0.000000 0.990032 0.000000 0.140842 0.679749 0.679749 0.679749
2744.281982 0.000000 2208.763916 0.000000 0.208369 0.000000 -0.978050 1.312347 1.312347 1.312347
2745.307129 0.000000 2265.625732 0.000000 0.612710 0.000000 0.790308 0.630576 0.630576 0.630576
2850.279053 0.000000 2162.492676 0.000000 0.009069 0.000000 0.999959 0.285601 0.285601 0.285601
2885.951660 0.000000 2126.301270 0.000000 0.776461 0.000000 0.630166 0.397195 0.397195 0.397195
"}
object={
	name="rock_red_generator_1_2"
	clamp_to_water_level=no
	render_under_water=no
	generated_content=yes
	layer="rock_layer"
	pdxmesh="rock_jagged_2_red_mesh"
	count=25
	transform="2810.654785 0.000000 2014.548706 0.000000 0.959383 0.000000 -0.282108 0.542697 0.542697 0.542697
2584.600342 0.000000 2171.946289 0.000000 0.347063 0.000000 0.937842 0.368894 0.368894 0.368894
2585.326660 0.000000 2169.649170 0.000000 0.970307 0.000000 0.241876 0.855330 0.855330 0.855330
2676.010254 0.000000 2114.129150 0.000000 0.869899 0.000000 -0.493230 0.575589 0.575589 0.575589
2677.647217 0.000000 2112.839600 0.000000 0.503024 0.000000 -0.864273 1.251243 1.251243 1.251243
2677.271973 0.000000 2113.939209 0.000000 0.483066 0.000000 0.875584 0.620330 0.620330 0.620330
2764.566162 0.000000 2054.766846 0.000000 0.868563 0.000000 0.495579 0.483788 0.483788 0.483788
2814.375244 0.000000 2089.904053 0.000000 0.896420 0.000000 0.443205 0.434085 0.434085 0.434085
2637.164795 0.000000 2228.363770 0.000000 0.441855 0.000000 0.897087 0.576047 0.576047 0.576047
2649.184326 0.000000 2212.546875 0.000000 0.680670 0.000000 -0.732590 0.952451 0.952451 0.952451
2648.482910 0.000000 2215.609619 0.000000 0.942440 0.000000 -0.334375 0.862911 0.862911 0.862911
2637.768311 0.000000 2229.461426 0.000000 0.870443 0.000000 0.492268 0.745993 0.745993 0.745993
2636.288086 0.000000 2228.101318 0.000000 0.697447 0.000000 0.716636 0.665264 0.665264 0.665264
2678.497559 0.000000 2233.688477 0.000000 0.655242 0.000000 0.755419 0.372375 0.372375 0.372375
2582.637695 0.000000 2269.706543 0.000000 0.990639 0.000000 -0.136507 0.574525 0.574525 0.574525
2666.708496 0.000000 2293.756592 0.000000 0.309213 0.000000 -0.950993 0.690714 0.690714 0.690714
2667.868408 0.000000 2292.949951 0.000000 0.137241 0.000000 0.990538 0.282466 0.282466 0.282466
2669.996338 0.000000 2295.602539 0.000000 0.040238 0.000000 -0.999190 1.274317 1.274317 1.274317
2789.102051 0.000000 2204.004883 0.000000 0.836870 0.000000 0.547402 0.769239 0.769239 0.769239
2688.423096 0.000000 2279.373535 0.000000 0.810956 0.000000 0.585108 0.410533 0.410533 0.410533
2706.041260 0.000000 2276.120605 0.000000 0.071569 0.000000 0.997436 0.386462 0.386462 0.386462
2707.958984 0.000000 2276.431396 0.000000 0.204363 0.000000 -0.978895 1.060396 1.060396 1.060396
2868.273438 0.000000 2140.950439 0.000000 0.345678 0.000000 -0.938353 1.248884 1.248884 1.248884
2869.129150 0.000000 2140.168945 0.000000 0.231028 0.000000 0.972947 0.516788 0.516788 0.516788
2853.452881 0.000000 2164.267090 0.000000 0.149620 0.000000 -0.988744 0.698966 0.698966 0.698966
"}
object={
	name="rock_red_generator_1_3"
	clamp_to_water_level=no
	render_under_water=no
	generated_content=yes
	layer="rock_layer"
	pdxmesh="rock_S_red_mesh"
	count=24
	transform="2766.449219 0.000000 1995.332275 0.000000 0.340623 0.000000 0.940200 0.361297 0.361297 0.361297
2767.222900 0.000000 1994.246704 0.000000 0.918639 0.000000 -0.395098 0.666203 0.666203 0.666203
2769.270508 0.000000 1995.023560 0.000000 0.626748 0.000000 0.779222 0.405093 0.405093 0.405093
2811.187012 0.000000 2015.883911 0.000000 0.232400 0.000000 0.972620 0.300506 0.300506 0.300506
2809.270020 0.000000 2017.232422 0.000000 0.839854 0.000000 0.542813 0.581767 0.581767 0.581767
2809.630615 0.000000 2015.726196 0.000000 0.546401 0.000000 0.837524 0.349313 0.349313 0.349313
2584.325439 0.000000 2169.254883 0.000000 0.996367 0.000000 0.085161 0.902280 0.902280 0.902280
2677.833984 0.000000 2111.560791 0.000000 0.242785 0.000000 0.970080 0.309052 0.309052 0.309052
2722.457031 0.000000 2079.468750 0.000000 0.667234 0.000000 0.744848 0.567345 0.567345 0.567345
2723.957520 0.000000 2079.049316 0.000000 0.773240 0.000000 0.634114 0.605175 0.605175 0.605175
2723.710205 0.000000 2080.161133 0.000000 0.679424 0.000000 0.733746 0.383796 0.383796 0.383796
2815.088623 0.000000 2086.187500 0.000000 0.181955 0.000000 0.983307 0.438932 0.438932 0.438932
2732.794678 0.000000 2134.677002 0.000000 0.303735 0.000000 -0.952757 1.228607 1.228607 1.228607
2733.988525 0.000000 2135.641602 0.000000 0.970209 0.000000 0.242268 0.808201 0.808201 0.808201
2761.939453 0.000000 2150.310059 0.000000 0.869641 0.000000 -0.493685 0.732856 0.732856 0.732856
2640.011230 0.000000 2183.170654 0.000000 0.013459 0.000000 -0.999909 1.264026 1.264026 1.264026
2641.088623 0.000000 2182.467285 0.000000 0.573397 0.000000 -0.819278 1.103381 1.103381 1.103381
2676.522461 0.000000 2235.240967 0.000000 0.709245 0.000000 -0.704962 0.695699 0.695699 0.695699
2655.359375 0.000000 2299.480225 0.000000 0.079929 0.000000 -0.996801 1.246123 1.246123 1.246123
2745.256104 0.000000 2266.735840 0.000000 0.810430 0.000000 -0.585835 0.594694 0.594694 0.594694
2707.789551 0.000000 2277.462891 0.000000 0.284549 0.000000 0.958662 0.437500 0.437500 0.437500
2706.466797 0.000000 2278.311523 0.000000 0.545636 0.000000 0.838022 0.375257 0.375257 0.375257
2689.788818 0.000000 2279.392334 0.000000 0.919222 0.000000 0.393740 0.444835 0.444835 0.444835
2851.659668 0.000000 2162.023193 0.000000 0.432760 0.000000 -0.901509 0.755334 0.755334 0.755334
"}
object={
	name="rock_red_generator_1_4"
	clamp_to_water_level=no
	render_under_water=no
	generated_content=yes
	layer="rock_layer"
	pdxmesh="rock_M_red_mesh"
	count=19
	transform="2811.612793 0.000000 2017.784912 0.000000 0.987770 0.000000 -0.155916 0.523881 0.523881 0.523881
2582.509277 0.000000 2169.704102 0.000000 0.007197 0.000000 -0.999974 0.714308 0.714308 0.714308
2585.942139 0.000000 2168.749268 0.000000 0.417398 0.000000 0.908724 0.590840 0.590840 0.590840
2722.448975 0.000000 2076.778076 0.000000 0.213187 0.000000 0.977011 0.321599 0.321599 0.321599
2721.410889 0.000000 2078.150879 0.000000 0.662262 0.000000 -0.749272 0.622851 0.622851 0.622851
2764.945801 0.000000 2052.305420 0.000000 0.684918 0.000000 0.728620 0.706782 0.706782 0.706782
2675.151855 0.000000 2233.655273 0.000000 0.999973 0.000000 0.007404 0.498954 0.498954 0.498954
2652.000000 0.000000 2297.622314 0.000000 0.764850 0.000000 -0.644209 0.591747 0.591747 0.591747
2655.233398 0.000000 2298.360596 0.000000 0.159066 0.000000 0.987268 0.465521 0.465521 0.465521
2655.926514 0.000000 2297.003662 0.000000 0.486076 0.000000 -0.873917 1.262321 1.262321 1.262321
2668.802490 0.000000 2294.637939 0.000000 0.129042 0.000000 -0.991639 1.250000 1.250000 1.250000
2668.151855 0.000000 2295.791748 0.000000 0.171133 0.000000 -0.985248 1.238387 1.238387 1.238387
2743.594727 0.000000 2211.897949 0.000000 0.612783 0.000000 -0.790251 0.623300 0.623300 0.623300
2745.277832 0.000000 2209.185547 0.000000 0.621331 0.000000 -0.783548 1.178115 1.178115 1.178115
2744.742432 0.000000 2211.425781 0.000000 0.645154 0.000000 0.764052 0.588492 0.588492 0.588492
2788.290771 0.000000 2202.882080 0.000000 0.999983 0.000000 0.005858 0.499200 0.499200 0.499200
2788.113281 0.000000 2204.791992 0.000000 0.911488 0.000000 -0.411327 1.070399 1.070399 1.070399
2789.351074 0.000000 2207.854492 0.000000 0.846501 0.000000 0.532386 0.603894 0.603894 0.603894
2851.781006 0.000000 2165.222900 0.000000 0.887722 0.000000 -0.460381 0.567365 0.567365 0.567365
"}
object={
	name="rock_red_generator_1_5"
	clamp_to_water_level=no
	render_under_water=no
	generated_content=yes
	layer="rock_layer"
	pdxmesh="rock_L_red_mesh"
	count=48
	transform="2767.131104 0.000000 1997.645264 0.000000 0.685679 0.000000 0.727904 0.386632 0.386632 0.386632
2767.960205 0.000000 1995.455933 0.000000 0.421577 0.000000 -0.906793 0.802702 0.802702 0.802702
2809.086914 0.000000 2015.503174 0.000000 0.888548 0.000000 -0.458783 0.572347 0.572347 0.572347
2585.275635 0.000000 2170.759277 0.000000 0.095940 0.000000 0.995387 0.319392 0.319392 0.319392
2583.503418 0.000000 2171.244873 0.000000 0.926618 0.000000 0.376004 0.444279 0.444279 0.444279
2677.168701 0.000000 2115.457764 0.000000 0.553126 0.000000 0.833098 0.355697 0.355697 0.355697
2676.393555 0.000000 2112.520020 0.000000 0.210272 0.000000 0.977643 0.532944 0.532944 0.532944
2723.294678 0.000000 2078.148438 0.000000 0.997581 0.000000 0.069508 0.757360 0.757360 0.757360
2814.170654 0.000000 2086.757080 0.000000 0.767307 0.000000 -0.641279 0.960510 0.960510 0.960510
2760.197510 0.000000 2152.185303 0.000000 0.993898 0.000000 -0.110305 0.516557 0.516557 0.516557
2759.242188 0.000000 2150.791260 0.000000 0.932943 0.000000 -0.360023 0.891594 0.891594 0.891594
2760.185059 0.000000 2153.595215 0.000000 0.099934 0.000000 0.994994 0.279700 0.279700 0.279700
2761.263428 0.000000 2151.353271 0.000000 0.950251 0.000000 0.311486 0.565950 0.565950 0.565950
2581.958252 0.000000 2238.843506 0.000000 0.964109 0.000000 -0.265508 0.725822 0.725822 0.725822
2580.649902 0.000000 2239.426514 0.000000 0.797710 0.000000 -0.603041 0.806395 0.806395 0.806395
2640.574463 0.000000 2185.924805 0.000000 0.974475 0.000000 0.224494 0.466931 0.466931 0.466931
2641.824463 0.000000 2183.743652 0.000000 0.883826 0.000000 -0.467816 0.976054 0.976054 0.976054
2640.904785 0.000000 2183.499268 0.000000 0.597689 0.000000 -0.801728 1.095320 1.095320 1.095320
2648.559326 0.000000 2214.201904 0.000000 0.218549 0.000000 -0.975826 1.113054 1.113054 1.113054
2649.982178 0.000000 2214.100586 0.000000 0.851998 0.000000 -0.523544 0.914961 0.914961 0.914961
2649.631104 0.000000 2215.725342 0.000000 0.455621 0.000000 0.890174 0.506434 0.506434 0.506434
2676.854492 0.000000 2233.223389 0.000000 0.998957 0.000000 -0.045670 0.522933 0.522933 0.522933
2678.323486 0.000000 2232.180176 0.000000 0.884706 0.000000 0.466150 0.427724 0.427724 0.427724
2677.989502 0.000000 2235.094971 0.000000 0.111090 0.000000 -0.993810 0.814158 0.814158 0.814158
2583.462646 0.000000 2240.167236 0.000000 0.885214 0.000000 0.465183 0.435980 0.435980 0.435980
2580.405273 0.000000 2240.488770 0.000000 0.696369 0.000000 0.717684 0.386890 0.386890 0.386890
2581.845703 0.000000 2239.529541 0.000000 0.800192 0.000000 -0.599743 0.805516 0.805516 0.805516
2583.627686 0.000000 2268.765869 0.000000 0.715885 0.000000 0.698218 0.418084 0.418084 0.418084
2654.763428 0.000000 2296.988525 0.000000 0.603405 0.000000 -0.797435 1.220241 1.220241 1.220241
2668.721191 0.000000 2293.539307 0.000000 0.267325 0.000000 0.963607 0.417194 0.417194 0.417194
2743.443115 0.000000 2208.175049 0.000000 0.259749 0.000000 0.965676 0.327578 0.327578 0.327578
2744.196533 0.000000 2210.336914 0.000000 0.278037 0.000000 -0.960570 1.147610 1.147610 1.147610
2788.841309 0.000000 2206.317627 0.000000 0.904125 0.000000 0.427269 0.631968 0.631968 0.631968
2789.278564 0.000000 2205.243896 0.000000 0.459276 0.000000 -0.888294 1.271452 1.271452 1.271452
2789.917725 0.000000 2204.539062 0.000000 0.951571 0.000000 -0.307430 1.036950 1.036950 1.036950
2788.126953 0.000000 2205.722168 0.000000 0.943914 0.000000 -0.330192 1.044160 1.044160 1.044160
2745.922607 0.000000 2264.725830 0.000000 0.094332 0.000000 0.995541 0.470828 0.470828 0.470828
2744.485596 0.000000 2264.283447 0.000000 0.909238 0.000000 0.416277 0.766844 0.766844 0.766844
2705.433350 0.000000 2277.017822 0.000000 0.054681 0.000000 -0.998504 0.699090 0.699090 0.699090
2691.084473 0.000000 2278.896973 0.000000 0.601123 0.000000 0.799157 0.369167 0.369167 0.369167
2688.844482 0.000000 2281.734619 0.000000 0.377533 0.000000 0.925996 0.321809 0.321809 0.321809
2690.416260 0.000000 2280.606445 0.000000 0.598234 0.000000 -0.801322 0.630879 0.630879 0.630879
2869.308105 0.000000 2141.728271 0.000000 0.946614 0.000000 -0.322368 0.994031 0.994031 0.994031
2868.069336 0.000000 2140.076172 0.000000 0.679830 0.000000 -0.733370 1.135849 1.135849 1.135849
2853.338867 0.000000 2162.380615 0.000000 0.164938 0.000000 -0.986304 0.714333 0.714333 0.714333
2851.871338 0.000000 2163.439453 0.000000 0.726195 0.000000 -0.687489 0.691440 0.691440 0.691440
2883.732178 0.000000 2126.146484 0.000000 0.947465 0.000000 0.319861 0.474374 0.474374 0.474374
2882.613281 0.000000 2126.853027 0.000000 0.065875 0.000000 0.997828 0.282126 0.282126 0.282126
"}
