object={
	name="tree_africa_generator_1_0"
	clamp_to_water_level=no
	render_under_water=no
	generated_content=yes
	layer="tree_layer"
	pdxmesh="tree_olive_01_mesh"
	count=45
	transform="2592.671631 0.000000 2037.013550 0.000000 0.799080 0.000000 -0.601225 0.903990 0.903990 0.903990
2595.964355 0.000000 2040.441895 0.000000 0.302062 0.000000 0.953288 0.448256 0.448256 0.448256
2595.812256 0.000000 2037.254028 0.000000 0.362222 0.000000 -0.932092 1.036514 1.036514 1.036514
2594.310303 0.000000 2034.523926 0.000000 0.755412 0.000000 -0.655250 0.920577 0.920577 0.920577
2601.621826 0.000000 2026.247192 0.000000 0.877216 0.000000 0.480096 0.630451 0.630451 0.630451
2620.862549 0.000000 2026.978149 0.000000 0.208818 0.000000 -0.977954 1.074779 1.074779 1.074779
2597.937988 0.000000 2041.952515 0.000000 0.013963 0.000000 -0.999902 1.121666 1.121666 1.121666
2623.795166 0.000000 2027.947144 0.000000 0.966795 0.000000 -0.255552 0.811693 0.811693 0.811693
2646.748779 0.000000 2030.651001 0.000000 0.996506 0.000000 0.083518 0.730038 0.730038 0.730038
2639.146729 0.000000 2029.637451 0.000000 0.491321 0.000000 0.870979 0.497614 0.497614 0.497614
2648.630615 0.000000 2031.850830 0.000000 0.771133 0.000000 0.636674 0.585232 0.585232 0.585232
2638.033691 0.000000 2028.658325 0.000000 0.827941 0.000000 -0.560816 0.892134 0.892134 0.892134
2639.106689 0.000000 2028.286499 0.000000 0.050418 0.000000 0.998728 0.387042 0.387042 0.387042
2750.303223 0.000000 1969.599365 0.000000 0.709967 0.000000 -0.704235 0.936532 0.936532 0.936532
2750.823242 0.000000 1971.596069 0.000000 0.935853 0.000000 0.352390 0.664027 0.664027 0.664027
2752.021240 0.000000 1968.606323 0.000000 0.999988 0.000000 -0.004964 0.751185 0.751185 0.751185
2751.681396 0.000000 1970.924072 0.000000 0.692366 0.000000 -0.721547 0.942426 0.942426 0.942426
2775.518311 0.000000 1982.624023 0.000000 0.418609 0.000000 -0.908167 1.021888 1.021888 1.021888
2791.880859 0.000000 1974.202515 0.000000 0.495168 0.000000 0.868797 0.498670 0.498670 0.498670
2791.956787 0.000000 1953.400757 0.000000 0.636345 0.000000 0.771405 0.539666 0.539666 0.539666
2790.652100 0.000000 1976.353149 0.000000 0.416597 0.000000 -0.909091 1.022417 1.022417 1.022417
2793.842285 0.000000 1953.338745 0.000000 0.999936 0.000000 -0.011340 0.752707 0.752707 0.752707
2775.751221 0.000000 2003.239990 0.000000 0.498913 0.000000 -0.866652 1.000299 1.000299 1.000299
2774.699463 0.000000 2003.959106 0.000000 0.208617 0.000000 -0.977997 1.074828 1.074828 1.074828
2774.458496 0.000000 2002.860474 0.000000 0.497234 0.000000 0.867617 0.499238 0.499238 0.499238
2804.239746 0.000000 1998.593018 0.000000 0.310413 0.000000 0.950602 0.450350 0.450350 0.450350
2540.199219 0.000000 2058.666016 0.000000 0.555148 0.000000 0.831751 0.515504 0.515504 0.515504
2541.943848 0.000000 2078.986572 0.000000 0.241592 0.000000 -0.970378 1.066748 1.066748 1.066748
2558.698730 0.000000 2052.633789 0.000000 0.462178 0.000000 -0.886787 1.010301 1.010301 1.010301
2540.289551 0.000000 2077.542480 0.000000 0.281039 0.000000 -0.959696 1.056991 1.056991 1.056991
2525.330322 0.000000 2092.788818 0.000000 0.079304 0.000000 -0.996850 1.106048 1.106048 1.106048
2515.659424 0.000000 2092.283936 0.000000 0.333894 0.000000 0.942611 0.456272 0.456272 0.456272
2524.847168 0.000000 2095.486816 0.000000 0.706942 0.000000 0.707271 0.562444 0.562444 0.562444
2516.274902 0.000000 2094.569580 0.000000 0.887138 0.000000 -0.461504 0.864518 0.864518 0.864518
2516.984131 0.000000 2093.210449 0.000000 0.663574 0.000000 0.748111 0.548221 0.548221 0.548221
2524.557129 0.000000 2094.078857 0.000000 0.236247 0.000000 0.971693 0.431938 0.431938 0.431938
2580.267090 0.000000 2062.577393 0.000000 0.761694 0.000000 0.647937 0.581724 0.581724 0.581724
2590.694824 0.000000 2052.633789 0.000000 0.941899 0.000000 -0.335897 0.831779 0.831779 0.831779
2578.331055 0.000000 2062.020020 0.000000 0.548622 0.000000 -0.836070 0.986364 0.986364 0.986364
2559.748047 0.000000 2053.743896 0.000000 0.944349 0.000000 0.328945 0.669980 0.669980 0.669980
2600.217041 0.000000 2056.208740 0.000000 0.752499 0.000000 -0.658593 0.921636 0.921636 0.921636
2592.842529 0.000000 2052.230957 0.000000 0.090927 0.000000 0.995858 0.396737 0.396737 0.396737
2602.073975 0.000000 2056.421631 0.000000 0.595245 0.000000 0.803544 0.527209 0.527209 0.527209
2591.744141 0.000000 2053.743896 0.000000 0.476721 0.000000 -0.879055 1.006369 1.006369 1.006369
2603.177734 0.000000 2057.518799 0.000000 0.997912 0.000000 -0.064593 0.765431 0.765431 0.765431
"}
